0 0 0
1 5.59902548789978 191701
2 11.338055849075317 279492
3 16.950875520706177 348757
4 22.403656721115112 409064
5 27.860226154327393 463231
6 33.32696485519409 512476
7 38.83257699012756 558771
8 44.3222393989563 601834
9 49.68227982521057 642631
10 55.06723403930664 681170
11 60.5174036026001 718376
12 65.90729928016663 754007
13 71.41786575317383 788254
14 76.96206974983215 821754
15 82.40384101867676 854290
16 87.83753395080566 885216
17 93.39058017730713 915612
18 98.92463207244873 944935
19 104.48132538795471 974104
20 109.93608522415161 1001944
21 115.40018939971924 1030100
22 120.87513422966003 1056617
23 126.4583671092987 1083486
24 132.10594820976257 1109478
25 137.89700508117676 1135124
26 143.7736222743988 1159887
27 149.3381688594818 1184350
28 154.8370122909546 1208257
29 160.48810744285583 1231971
30 166.33146858215332 1255724
31 171.89138531684875 1278376
32 177.4880452156067 1301002
33 183.16251611709595 1323375
34 188.79338264465332 1345667
35 194.3242380619049 1367391
36 199.98577451705933 1388851
37 205.63742208480835 1410184
38 211.30988788604736 1431008
39 217.00133657455444 1451689
40 222.58685779571533 1472320
41 228.31930375099182 1492595
42 234.0125710964203 1513002
43 239.57384657859802 1532681
44 245.2777874469757 1551786
45 250.8726828098297 1571227
46 256.8155839443207 1590578
47 262.5238072872162 1609510
48 268.0827577114105 1628288
49 273.78227949142456 1646943
50 279.3446066379547 1665314
51 285.3364839553833 1683491
52 291.0301094055176 1701634
53 296.63864517211914 1719571
54 302.36562609672546 1737752
55 307.97090554237366 1755222
56 313.67612385749817 1772624
57 319.37499380111694 1789955
58 325.3801152706146 1807055
59 331.14886951446533 1823850
60 336.8573260307312 1840825
61 342.4666168689728 1857877
62 348.2826142311096 1874346
63 354.35377645492554 1891138
64 360.1853015422821 1907975
65 365.82739067077637 1924487
66 372.0192792415619 1940586
67 378.2891261577606 1956769
68 384.373437166214 1972887
69 390.27427101135254 1988794
70 396.2625184059143 2004686
71 402.05537462234497 2020346
72 407.96418929100037 2035898
73 413.86621594429016 2051443
74 419.59535813331604 2066700
75 425.5214970111847 2082020
76 431.2991590499878 2097316
77 437.5482041835785 2112405
78 443.4625871181488 2127757
79 449.37861704826355 2143019
80 455.14558243751526 2157984
81 461.1510772705078 2172790
82 467.6853413581848 2187562
83 473.73181319236755 2202224
84 479.8001651763916 2216934
85 485.86044216156006 2231043
86 491.8694877624512 2245813
87 497.69016695022583 2260184
88 503.4671952724457 2274260
89 509.47020983695984 2288242
90 515.8191533088684 2302353
91 521.908787727356 2316206
92 527.7425849437714 2329985
93 533.7926423549652 2343896
94 539.8149282932281 2357735
95 545.8544454574585 2371276
96 551.8624000549316 2384893
97 557.666330575943 2398516
98 563.6340019702911 2412001
99 569.6697311401367 2425327
